0,u10000253,7287862,1.0,0.125,5.0,0.625,0
0,u10000253,6991757,1.0,0.125,6.0,0.75,0
0,u10000253,7082630,5.0,0.625,1.0,0.125,1
0,u10000253,7537606,1.0,0.125,4.0,0.5,0
0,u10000267,1464951,1.0,0.041666666666666664,5.0,0.20833333333333334,0
0,u10000267,7678997,4.0,0.16666666666666666,1.0,0.041666666666666664,1
0,u10000267,7230963,1.0,0.041666666666666664,11.0,0.4583333333333333,0
0,u10000267,5996104,1.0,0.041666666666666664,13.0,0.5416666666666666,0
0,u10000267,8102120,1.0,0.041666666666666664,3.0,0.125,0
0,u10000267,528735,1.0,0.041666666666666664,10.0,0.4166666666666667,0
0,u10000267,4833448,1.0,0.041666666666666664,19.0,0.7916666666666666,0
0,u10000267,5405077,1.0,0.041666666666666664,12.0,0.5,0
0,u10000267,1893884,2.0,0.08333333333333333,4.0,0.16666666666666666,0
0,u10000267,4360213,1.0,0.041666666666666664,17.0,0.7083333333333334,0
0,u10000267,1332180,1.0,0.041666666666666664,7.0,0.2916666666666667,0
0,u10000267,1128212,1.0,0.041666666666666664,21.0,0.875,0
0,u10000267,7461070,1.0,0.041666666666666664,16.0,0.6666666666666666,0
0,u10000267,5837753,2.0,0.08333333333333333,14.0,0.5833333333333334,0
0,u10000267,1888043,1.0,0.041666666666666664,20.0,0.8333333333333334,0
0,u10000267,4899028,2.0,0.08333333333333333,6.0,0.25,0
0,u10000267,1317104,1.0,0.041666666666666664,24.0,1.0,0
0,u10000267,2386694,1.0,0.041666666666666664,18.0,0.75,0
0,u10000302,247542,1.0,0.16666666666666666,5.0,0.8333333333333334,0
0,u10000302,742569,3.0,0.5,1.0,0.16666666666666666,1
0,u10000302,2614359,1.0,0.16666666666666666,3.0,0.5,0
0,u10000302,5645083,1.0,0.16666666666666666,6.0,1.0,0
1,u10000302,6090059,1.0,0.2,2.0,0.4,0
1,u10000302,3933961,2.0,0.4,1.0,0.2,1
1,u10000302,156317,1.0,0.2,4.0,0.8,0
1,u10000302,2769645,1.0,0.2,5.0,1.0,0
