1,1,0.35314817026773554
1,1045750,0.003703703703703704
1,1097001,0.006172839506172839
1,1149364,0.0011574074074074073
1,1162958,0.0024154589371980675
1,1230108,0.0030864197530864196
1,1230233,0.005555555555555555
1,1292627,0.0030864197530864196
1,1364183,0.0030864197530864196
1,1432021,0.0030864197530864196
1,146954,0.06553513917644352
1,1551297,0.0016835016835016834
1,1617459,0.006977992485238862
1,1703224,0.006172839506172839
1,1801566,0.0026570048309178746
1,1924319,0.0011574074074074073
1,2055470,0.001851851851851852
1,220613,0.018518518518518517
1,2217281,0.0011574074074074073
1,2290010,0.012345679012345678
1,2308181,0.001851851851851852
1,2360085,0.0016835016835016834
1,2379346,0.0011574074074074073
1,269700,0.0011574074074074073
1,2908451,0.0030864197530864196
1,2966718,0.003367003367003367
1,3017259,0.007407407407407408
1,3135901,0.0011574074074074073
1,3143295,0.0011574074074074073
1,3322882,0.001851851851851852
1,3356835,0.006172839506172839
1,3448088,0.003703703703703704
1,3449390,0.0023148148148148147
1,3479028,0.006172839506172839
1,349009,0.1096855874935585
1,3532507,0.0030864197530864196
1,3568284,0.006172839506172839
1,3838352,0.003703703703703704
1,384213,0.0030864197530864196
1,3928954,0.013150831991411701
1,394233,0.027899988497814582
1,398538,0.003703703703703704
1,4046363,0.0023148148148148147
1,4215875,0.04807042125882706
1,4224377,0.01573115558622805
1,4391494,0.057011540526033286
1,4462292,0.0011574074074074073
1,4481994,0.0030864197530864196
1,448373,0.0030864197530864196
1,4527092,0.0016835016835016834
1,4667588,0.0016835016835016834
1,4748418,0.005291005291005291
1,4755331,0.001851851851851852
1,4954016,8.051529790660224E-4
1,5119167,0.02962962962962963
1,5200604,0.06863914400146284
1,526805,0.0016835016835016834
1,5282298,0.0011574074074074073
1,52942,0.0011574074074074073
1,5354339,0.0030864197530864196
1,5421951,0.006823671497584541
1,549942,0.0030864197530864196
1,557622,0.0030864197530864196
1,5594728,0.001851851851851852
1,5680334,0.01440491875274484
1,5785875,0.0030864197530864196
1,5797109,0.001851851851851852
1,5800162,8.051529790660224E-4
1,5805287,0.0030864197530864196
1,5808969,0.0023148148148148147
1,5927992,0.016888083735909824
1,596289,0.01384575569358178
1,6059822,0.011396011396011397
1,6129574,0.0030864197530864196
1,6135838,0.0016835016835016834
1,6230668,0.0030864197530864196
1,6307936,0.0030864197530864196
1,6325923,0.053764003039365356
1,6394614,0.0030864197530864196
1,6439258,0.0030864197530864196
1,6463178,0.0026455026455026454
1,6479939,0.0016835016835016834
1,6484084,0.0030864197530864196
1,6609280,0.0011574074074074073
1,6901863,0.0030864197530864196
1,7131402,0.0030864197530864196
1,7172709,0.0016103059581320449
1,7179135,0.006096158270071313
1,7209650,0.0026455026455026454
1,7283111,0.001851851851851852
1,7361772,0.005291005291005291
1,7478231,0.015190552871712292
1,7556373,0.001851851851851852
1,7614768,0.0030864197530864196
1,770599,0.003703703703703704
1,7911419,0.048832528180354266
1,7978595,0.0030864197530864196
1,8000345,0.013468013468013467
1,8027242,0.0030864197530864196
1,8071677,0.003703703703703704
1,8098537,0.001851851851851852
