1,1979305,1
1,2896896,11
1,2911266,1
1,2922757,1
1,4040492,17
1,4279222,1
1,440636,1
1,5360557,1
1,5872806,16
1,5921314,1
1,6232977,1
1,6479939,1
1,7554612,15
1,7813246,2
10,169755,1
10,3093948,1
10,6923852,1
100,1528624,1
100,1584826,1
100,1674643,1
100,2188810,1
100,2322103,1
100,2340693,1
100,2619089,1
100,2806426,1
100,2873715,1
100,3068387,1
100,3086494,1
100,3230783,1
100,3305903,2
100,3333343,1
100,3440096,1
100,3814025,1
100,4381995,1
100,4409140,1
100,472142,1
100,4752491,1
100,4822080,1
100,4993366,2
100,5075299,1
100,5244148,1
100,5426233,1
100,5742157,1
100,5807720,1
100,6000194,1
100,620751,1
100,6384521,12
100,648162,1
100,6514082,1
100,6811280,1